First line.
Second line.
402
175
249
452
249
269
372
73
423
160
179
54
276
319
339
156
418
315
390
33
18
230
139
234
160
423
204
86
275
483
16
488
253
376
371
217
81
288
144
460
56
435
73
31
223
419
411
188
255
199
367
424
424
33
121
72
414
75
266
383
299
162
241
363
345
225
236
419
265
16
352
305
373
461
455
61
62
229
421
193
489
255
127
431
270
41
55
471
33
115
380
221
165
191
367
19
401
144
211
95
78
319
253
248
377
346
280
319
398
76
365
355
214
25
486
53
331
274
466
142
433
261
115
35
206
397
424
401
404
228
219
358
90
234
213
231
422
247
92
122
190
392
292
154
452
134
288
346
210
333
462
149
340
490
374
177
499
358
434
198
207
339
398
161
127
210
261
289
133
366
267
209
212
187
212
147
41
453
269
242
330
302
352
41
333
361
125
493
413
46
277
474
393
27
44
168
498
427
5
336
320
377
136
240
404
145
372
212
333
358
404
466
284
498
208
323
462
342
167
69
340
270
59
408
237
250
399
237
351
355
233
152
426
46
147
3
77
407
373
191
428
107
328
146
13
434
90
210
143
458
52
373
238
224
440
196
429
234
230
258
166
298
469
202
279
89
319
326
184
69
142
167
445
91
201
226
377
403
275
193
419
224
447
143
442
38
405
266
26
169
433
166
340
88
424
447
326
274
102
163
60
42
37
284
70
193
41
299
70
100
173
19
180
114
274
103
474
260
245
199
41
254
483
199
108
124
317
445
282
366
261
168
229
283
299
39
362
298
186
416
133
183
452
370
478
137
387
359
108
496
164
28
381
20
308
473
62
303
243
360
109
119
188
256
14
167
25
47
478
360
174
291
248
138
220
216
227
240
433
198
232
10
91
333
226
346
19
122
124
241
479
66
237
327
381
216
456
357
265
423
242
369
206
320
77
60
218
289
156
384
257
350
365
430
149
304
390
5
220
294
182
118
45
49
164
431
421
334
417
214
301
484
481
95
302
206
203
489
171
34
466
204
385
174
477
213
322
79
267
469
255
410
432
143
204
66
152
290
287
484
311
428
229
384
280
176
80
43
490
153
418
433
28
354
465
314
362
5
328
150
482
399
182
130
140
158
332
214
453
396
79
218
312
284
117
349
372
474
135
133
